1.980000000000000000e+02
2.000000000000000000e+01
2.790000000000000000e+02
2.800000000000000000e+01
4.180000000000000000e+02
4.200000000000000000e+01
7.340000000000000000e+02
7.300000000000000000e+01
8.770000000000000000e+02
8.800000000000000000e+01
1.600000000000000000e+02
1.600000000000000000e+01
4.250000000000000000e+02
4.300000000000000000e+01
4.800000000000000000e+02
4.800000000000000000e+01
5.510000000000000000e+02
5.500000000000000000e+01
9.900000000000000000e+02
9.900000000000000000e+01
1.470000000000000000e+02
1.500000000000000000e+01
4.700000000000000000e+02
4.700000000000000000e+01
6.290000000000000000e+02
6.300000000000000000e+01
8.560000000000000000e+02
8.600000000000000000e+01
9.520000000000000000e+02
9.500000000000000000e+01
1.360000000000000000e+02
1.400000000000000000e+01
2.760000000000000000e+02
2.800000000000000000e+01
5.290000000000000000e+02
5.300000000000000000e+01
5.820000000000000000e+02
5.800000000000000000e+01
7.850000000000000000e+02
7.800000000000000000e+01
1.400000000000000000e+02
1.400000000000000000e+01
2.680000000000000000e+02
2.700000000000000000e+01
5.310000000000000000e+02
5.300000000000000000e+01
6.120000000000000000e+02
6.100000000000000000e+01
7.920000000000000000e+02
7.900000000000000000e+01
2.430000000000000000e+02
2.400000000000000000e+01
4.940000000000000000e+02
4.900000000000000000e+01
6.880000000000000000e+02
6.900000000000000000e+01
8.140000000000000000e+02
8.100000000000000000e+01
8.890000000000000000e+02
8.900000000000000000e+01
1.370000000000000000e+02
1.400000000000000000e+01
3.460000000000000000e+02
3.500000000000000000e+01
5.700000000000000000e+02
5.700000000000000000e+01
7.680000000000000000e+02
7.700000000000000000e+01
9.520000000000000000e+02
9.500000000000000000e+01
1.000000000000000000e+02
1.030000000000000000e+02
1.000000000000000000e+01
5.470000000000000000e+02
5.520000000000000000e+02
5.500000000000000000e+01
6.000000000000000000e+02
7.060000000000000000e+02
7.100000000000000000e+01
9.970000000000000000e+02
1.310000000000000000e+02
1.300000000000000000e+01
3.810000000000000000e+02
3.800000000000000000e+01
5.690000000000000000e+02
5.700000000000000000e+01
6.720000000000000000e+02
6.700000000000000000e+01
9.070000000000000000e+02
9.100000000000000000e+01
2.610000000000000000e+02
2.600000000000000000e+01
3.520000000000000000e+02
3.500000000000000000e+01
6.370000000000000000e+02
6.400000000000000000e+01
6.690000000000000000e+02
6.700000000000000000e+01
8.160000000000000000e+02
8.200000000000000000e+01
1.970000000000000000e+02
2.000000000000000000e+01
3.230000000000000000e+02
3.200000000000000000e+01
4.160000000000000000e+02
4.200000000000000000e+01
7.470000000000000000e+02
7.500000000000000000e+01
9.810000000000000000e+02
9.800000000000000000e+01
1.620000000000000000e+02
1.600000000000000000e+01
3.440000000000000000e+02
3.400000000000000000e+01
5.310000000000000000e+02
5.300000000000000000e+01
6.050000000000000000e+02
6.100000000000000000e+01
9.030000000000000000e+02
9.000000000000000000e+01
2.980000000000000000e+02
3.000000000000000000e+01
3.880000000000000000e+02
3.900000000000000000e+01
4.510000000000000000e+02
4.500000000000000000e+01
5.680000000000000000e+02
5.700000000000000000e+01
9.320000000000000000e+02
9.300000000000000000e+01
2.140000000000000000e+02
2.100000000000000000e+01
4.450000000000000000e+02
4.500000000000000000e+01
6.060000000000000000e+02
6.100000000000000000e+01
6.810000000000000000e+02
6.800000000000000000e+01
8.230000000000000000e+02
8.200000000000000000e+01
2.210000000000000000e+02
2.200000000000000000e+01
3.280000000000000000e+02
3.300000000000000000e+01
5.040000000000000000e+02
5.000000000000000000e+01
7.100000000000000000e+02
7.100000000000000000e+01
8.280000000000000000e+02
8.300000000000000000e+01
3.030000000000000000e+02
3.000000000000000000e+01
3.660000000000000000e+02
3.700000000000000000e+01
4.690000000000000000e+02
4.700000000000000000e+01
6.220000000000000000e+02
6.200000000000000000e+01
7.950000000000000000e+02
8.000000000000000000e+01
2.450000000000000000e+02
2.400000000000000000e+01
4.130000000000000000e+02
4.100000000000000000e+01
5.290000000000000000e+02
5.300000000000000000e+01
7.640000000000000000e+02
7.600000000000000000e+01
8.210000000000000000e+02
8.200000000000000000e+01
1.220000000000000000e+02
1.200000000000000000e+01
5.310000000000000000e+02
5.300000000000000000e+01
6.040000000000000000e+02
6.000000000000000000e+01
7.880000000000000000e+02
7.900000000000000000e+01
9.570000000000000000e+02
9.600000000000000000e+01
1.650000000000000000e+02
1.700000000000000000e+01
5.080000000000000000e+02
5.100000000000000000e+01
5.780000000000000000e+02
5.800000000000000000e+01
7.160000000000000000e+02
7.200000000000000000e+01
9.390000000000000000e+02
9.400000000000000000e+01
2.060000000000000000e+02
2.100000000000000000e+01
3.730000000000000000e+02
3.700000000000000000e+01
4.680000000000000000e+02
4.700000000000000000e+01
7.740000000000000000e+02
7.700000000000000000e+01
9.310000000000000000e+02
9.300000000000000000e+01
1.410000000000000000e+02
1.400000000000000000e+01
4.100000000000000000e+02
4.100000000000000000e+01
4.440000000000000000e+02
4.400000000000000000e+01
5.950000000000000000e+02
6.000000000000000000e+01
8.860000000000000000e+02
8.900000000000000000e+01
2.670000000000000000e+02
2.700000000000000000e+01
3.430000000000000000e+02
3.400000000000000000e+01
4.730000000000000000e+02
4.700000000000000000e+01
6.090000000000000000e+02
6.100000000000000000e+01
8.510000000000000000e+02
8.500000000000000000e+01
1.600000000000000000e+02
1.600000000000000000e+01
4.250000000000000000e+02
4.300000000000000000e+01
4.800000000000000000e+02
4.800000000000000000e+01
5.510000000000000000e+02
5.500000000000000000e+01
9.900000000000000000e+02
9.900000000000000000e+01
2.610000000000000000e+02
2.600000000000000000e+01
3.520000000000000000e+02
3.500000000000000000e+01
6.370000000000000000e+02
6.400000000000000000e+01
6.690000000000000000e+02
6.700000000000000000e+01
8.160000000000000000e+02
8.200000000000000000e+01
1.970000000000000000e+02
2.000000000000000000e+01
3.230000000000000000e+02
3.200000000000000000e+01
4.160000000000000000e+02
4.200000000000000000e+01
7.470000000000000000e+02
7.500000000000000000e+01
9.810000000000000000e+02
9.800000000000000000e+01
2.980000000000000000e+02
3.000000000000000000e+01
3.880000000000000000e+02
3.900000000000000000e+01
4.510000000000000000e+02
4.500000000000000000e+01
5.680000000000000000e+02
5.700000000000000000e+01
9.320000000000000000e+02
9.300000000000000000e+01
1.030000000000000000e+02
1.000000000000000000e+01
3.970000000000000000e+02
4.000000000000000000e+01
6.180000000000000000e+02
6.200000000000000000e+01
6.760000000000000000e+02
6.800000000000000000e+01
8.020000000000000000e+02
8.000000000000000000e+01
3.120000000000000000e+02
3.100000000000000000e+01
4.040000000000000000e+02
4.000000000000000000e+01
4.900000000000000000e+02
4.900000000000000000e+01
5.730000000000000000e+02
5.700000000000000000e+01
8.460000000000000000e+02
8.500000000000000000e+01
1.660000000000000000e+02
1.700000000000000000e+01
3.760000000000000000e+02
3.800000000000000000e+01
5.030000000000000000e+02
5.000000000000000000e+01
6.160000000000000000e+02
6.200000000000000000e+01
9.540000000000000000e+02
9.500000000000000000e+01
1.570000000000000000e+02
1.600000000000000000e+01
2.750000000000000000e+02
2.700000000000000000e+01
3.580000000000000000e+02
3.600000000000000000e+01
7.730000000000000000e+02
7.700000000000000000e+01
9.090000000000000000e+02
9.100000000000000000e+01
2.730000000000000000e+02
2.700000000000000000e+01
3.670000000000000000e+02
3.700000000000000000e+01
5.600000000000000000e+02
5.600000000000000000e+01
8.500000000000000000e+02
8.500000000000000000e+01
9.720000000000000000e+02
9.700000000000000000e+01
2.020000000000000000e+02
2.000000000000000000e+01
2.370000000000000000e+02
2.400000000000000000e+01
4.880000000000000000e+02
4.900000000000000000e+01
6.710000000000000000e+02
6.700000000000000000e+01
8.360000000000000000e+02
8.400000000000000000e+01
1.560000000000000000e+02
1.600000000000000000e+01
2.430000000000000000e+02
2.400000000000000000e+01
3.900000000000000000e+02
3.900000000000000000e+01
7.310000000000000000e+02
7.300000000000000000e+01
9.370000000000000000e+02
9.400000000000000000e+01
2.100000000000000000e+02
2.100000000000000000e+01
5.280000000000000000e+02
5.300000000000000000e+01
6.570000000000000000e+02
6.600000000000000000e+01
7.050000000000000000e+02
7.000000000000000000e+01
9.740000000000000000e+02
9.700000000000000000e+01
2.060000000000000000e+02
2.100000000000000000e+01
4.030000000000000000e+02
4.000000000000000000e+01
6.180000000000000000e+02
6.200000000000000000e+01
7.310000000000000000e+02
7.300000000000000000e+01
9.860000000000000000e+02
9.900000000000000000e+01
1.940000000000000000e+02
1.900000000000000000e+01
4.760000000000000000e+02
4.800000000000000000e+01
6.010000000000000000e+02
6.000000000000000000e+01
7.100000000000000000e+02
7.100000000000000000e+01
8.800000000000000000e+02
8.800000000000000000e+01
2.100000000000000000e+02
2.100000000000000000e+01
4.270000000000000000e+02
4.300000000000000000e+01
7.730000000000000000e+02
7.700000000000000000e+01
8.850000000000000000e+02
8.900000000000000000e+01
9.870000000000000000e+02
9.900000000000000000e+01
1.370000000000000000e+02
1.400000000000000000e+01
2.830000000000000000e+02
2.800000000000000000e+01
3.260000000000000000e+02
3.300000000000000000e+01
6.420000000000000000e+02
6.400000000000000000e+01
9.370000000000000000e+02
9.400000000000000000e+01
1.260000000000000000e+02
1.300000000000000000e+01
4.400000000000000000e+02
4.400000000000000000e+01
7.280000000000000000e+02
7.300000000000000000e+01
8.500000000000000000e+02
8.500000000000000000e+01
9.330000000000000000e+02
9.300000000000000000e+01
1.240000000000000000e+02
1.200000000000000000e+01
2.310000000000000000e+02
2.300000000000000000e+01
3.880000000000000000e+02
3.900000000000000000e+01
7.140000000000000000e+02
7.100000000000000000e+01
9.770000000000000000e+02
9.800000000000000000e+01
1.240000000000000000e+02
1.200000000000000000e+01
2.270000000000000000e+02
2.300000000000000000e+01
5.030000000000000000e+02
5.000000000000000000e+01
5.500000000000000000e+02
5.500000000000000000e+01
9.590000000000000000e+02
9.600000000000000000e+01
1.170000000000000000e+02
1.200000000000000000e+01
3.570000000000000000e+02
3.600000000000000000e+01
5.960000000000000000e+02
6.000000000000000000e+01
7.360000000000000000e+02
7.400000000000000000e+01
7.780000000000000000e+02
7.800000000000000000e+01
2.460000000000000000e+02
2.500000000000000000e+01
3.710000000000000000e+02
3.700000000000000000e+01
4.480000000000000000e+02
4.500000000000000000e+01
5.920000000000000000e+02
5.900000000000000000e+01
9.430000000000000000e+02
9.400000000000000000e+01
1.220000000000000000e+02
1.200000000000000000e+01
4.940000000000000000e+02
4.900000000000000000e+01
5.720000000000000000e+02
5.700000000000000000e+01
7.760000000000000000e+02
7.800000000000000000e+01
9.450000000000000000e+02
9.400000000000000000e+01
1.060000000000000000e+02
1.100000000000000000e+01
3.050000000000000000e+02
3.100000000000000000e+01
3.320000000000000000e+02
3.300000000000000000e+01
6.820000000000000000e+02
6.800000000000000000e+01
8.800000000000000000e+02
8.800000000000000000e+01
2.080000000000000000e+02
2.100000000000000000e+01
3.430000000000000000e+02
3.400000000000000000e+01
6.560000000000000000e+02
6.600000000000000000e+01
7.960000000000000000e+02
8.000000000000000000e+01
9.730000000000000000e+02
9.700000000000000000e+01
2.000000000000000000e+02
2.000000000000000000e+01
4.070000000000000000e+02
4.100000000000000000e+01
6.450000000000000000e+02
6.400000000000000000e+01
7.440000000000000000e+02
7.400000000000000000e+01
9.860000000000000000e+02
9.900000000000000000e+01
1.410000000000000000e+02
1.400000000000000000e+01
2.840000000000000000e+02
2.800000000000000000e+01
4.300000000000000000e+02
4.300000000000000000e+01
7.690000000000000000e+02
7.700000000000000000e+01
8.590000000000000000e+02
8.600000000000000000e+01
1.640000000000000000e+02
1.600000000000000000e+01
4.890000000000000000e+02
4.900000000000000000e+01
6.850000000000000000e+02
6.900000000000000000e+01
8.690000000000000000e+02
8.700000000000000000e+01
9.150000000000000000e+02
9.200000000000000000e+01
1.490000000000000000e+02
1.500000000000000000e+01
4.660000000000000000e+02
4.700000000000000000e+01
6.970000000000000000e+02
7.000000000000000000e+01
8.170000000000000000e+02
8.200000000000000000e+01
8.940000000000000000e+02
8.900000000000000000e+01
1.620000000000000000e+02
1.600000000000000000e+01
3.440000000000000000e+02
3.400000000000000000e+01
5.310000000000000000e+02
5.300000000000000000e+01
6.050000000000000000e+02
6.100000000000000000e+01
9.030000000000000000e+02
9.000000000000000000e+01
1.050000000000000000e+02
1.000000000000000000e+01
4.040000000000000000e+02
4.000000000000000000e+01
5.300000000000000000e+02
5.300000000000000000e+01
5.690000000000000000e+02
5.700000000000000000e+01
9.940000000000000000e+02
9.900000000000000000e+01
2.140000000000000000e+02
2.100000000000000000e+01
4.450000000000000000e+02
4.500000000000000000e+01
6.060000000000000000e+02
6.100000000000000000e+01
6.810000000000000000e+02
6.800000000000000000e+01
8.230000000000000000e+02
8.200000000000000000e+01
2.210000000000000000e+02
2.200000000000000000e+01
3.280000000000000000e+02
3.300000000000000000e+01
5.040000000000000000e+02
5.000000000000000000e+01
7.100000000000000000e+02
7.100000000000000000e+01
8.280000000000000000e+02
8.300000000000000000e+01
3.030000000000000000e+02
3.000000000000000000e+01
3.660000000000000000e+02
3.700000000000000000e+01
4.690000000000000000e+02
4.700000000000000000e+01
6.220000000000000000e+02
6.200000000000000000e+01
7.950000000000000000e+02
8.000000000000000000e+01
2.450000000000000000e+02
2.400000000000000000e+01
4.130000000000000000e+02
4.100000000000000000e+01
5.290000000000000000e+02
5.300000000000000000e+01
7.640000000000000000e+02
7.600000000000000000e+01
8.210000000000000000e+02
8.200000000000000000e+01
1.220000000000000000e+02
1.200000000000000000e+01
5.310000000000000000e+02
5.300000000000000000e+01
6.040000000000000000e+02
6.000000000000000000e+01
7.880000000000000000e+02
7.900000000000000000e+01
9.570000000000000000e+02
9.600000000000000000e+01
1.650000000000000000e+02
1.700000000000000000e+01
5.080000000000000000e+02
5.100000000000000000e+01
5.780000000000000000e+02
5.800000000000000000e+01
7.160000000000000000e+02
7.200000000000000000e+01
9.390000000000000000e+02
9.400000000000000000e+01
2.060000000000000000e+02
2.100000000000000000e+01
3.730000000000000000e+02
3.700000000000000000e+01
4.680000000000000000e+02
4.700000000000000000e+01
7.740000000000000000e+02
7.700000000000000000e+01
9.310000000000000000e+02
9.300000000000000000e+01
1.410000000000000000e+02
1.400000000000000000e+01
4.100000000000000000e+02
4.100000000000000000e+01
4.440000000000000000e+02
4.400000000000000000e+01
5.950000000000000000e+02
6.000000000000000000e+01
8.860000000000000000e+02
8.900000000000000000e+01
2.670000000000000000e+02
2.700000000000000000e+01
3.430000000000000000e+02
3.400000000000000000e+01
4.730000000000000000e+02
4.700000000000000000e+01
6.090000000000000000e+02
6.100000000000000000e+01
8.510000000000000000e+02
8.500000000000000000e+01
1.600000000000000000e+02
1.600000000000000000e+01
4.250000000000000000e+02
4.300000000000000000e+01
4.800000000000000000e+02
4.800000000000000000e+01
5.510000000000000000e+02
5.500000000000000000e+01
9.900000000000000000e+02
9.900000000000000000e+01
2.610000000000000000e+02
2.600000000000000000e+01
3.520000000000000000e+02
3.500000000000000000e+01
6.370000000000000000e+02
6.400000000000000000e+01
6.690000000000000000e+02
6.700000000000000000e+01
8.160000000000000000e+02
8.200000000000000000e+01
1.970000000000000000e+02
2.000000000000000000e+01
3.230000000000000000e+02
3.200000000000000000e+01
4.160000000000000000e+02
4.200000000000000000e+01
7.470000000000000000e+02
7.500000000000000000e+01
9.810000000000000000e+02
9.800000000000000000e+01
2.980000000000000000e+02
3.000000000000000000e+01
3.880000000000000000e+02
3.900000000000000000e+01
4.510000000000000000e+02
4.500000000000000000e+01
5.680000000000000000e+02
5.700000000000000000e+01
9.320000000000000000e+02
9.300000000000000000e+01
1.030000000000000000e+02
1.000000000000000000e+01
3.970000000000000000e+02
4.000000000000000000e+01
6.180000000000000000e+02
6.200000000000000000e+01
6.760000000000000000e+02
6.800000000000000000e+01
8.020000000000000000e+02
8.000000000000000000e+01
3.120000000000000000e+02
3.100000000000000000e+01
4.040000000000000000e+02
4.000000000000000000e+01
4.900000000000000000e+02
4.900000000000000000e+01
5.730000000000000000e+02
5.700000000000000000e+01
8.460000000000000000e+02
8.500000000000000000e+01
1.660000000000000000e+02
1.700000000000000000e+01
3.760000000000000000e+02
3.800000000000000000e+01
5.030000000000000000e+02
5.000000000000000000e+01
6.160000000000000000e+02
6.200000000000000000e+01
9.540000000000000000e+02
9.500000000000000000e+01
1.570000000000000000e+02
1.600000000000000000e+01
2.750000000000000000e+02
2.700000000000000000e+01
3.580000000000000000e+02
3.600000000000000000e+01
7.730000000000000000e+02
7.700000000000000000e+01
9.090000000000000000e+02
9.100000000000000000e+01
2.730000000000000000e+02
2.700000000000000000e+01
3.670000000000000000e+02
3.700000000000000000e+01
5.600000000000000000e+02
5.600000000000000000e+01
8.500000000000000000e+02
8.500000000000000000e+01
9.720000000000000000e+02
9.700000000000000000e+01
2.020000000000000000e+02
2.000000000000000000e+01
2.370000000000000000e+02
2.400000000000000000e+01
4.880000000000000000e+02
4.900000000000000000e+01
6.710000000000000000e+02
6.700000000000000000e+01
8.360000000000000000e+02
8.400000000000000000e+01
1.560000000000000000e+02
1.600000000000000000e+01
2.430000000000000000e+02
2.400000000000000000e+01
3.900000000000000000e+02
3.900000000000000000e+01
7.310000000000000000e+02
7.300000000000000000e+01
9.370000000000000000e+02
9.400000000000000000e+01
2.100000000000000000e+02
2.100000000000000000e+01
5.280000000000000000e+02
5.300000000000000000e+01
6.570000000000000000e+02
6.600000000000000000e+01
7.050000000000000000e+02
7.000000000000000000e+01
9.740000000000000000e+02
9.700000000000000000e+01
2.060000000000000000e+02
2.100000000000000000e+01
4.030000000000000000e+02
4.000000000000000000e+01
6.180000000000000000e+02
6.200000000000000000e+01
7.310000000000000000e+02
7.300000000000000000e+01
9.860000000000000000e+02
9.900000000000000000e+01
1.940000000000000000e+02
1.900000000000000000e+01
4.760000000000000000e+02
4.800000000000000000e+01
6.010000000000000000e+02
6.000000000000000000e+01
7.100000000000000000e+02
7.100000000000000000e+01
8.800000000000000000e+02
8.800000000000000000e+01
2.100000000000000000e+02
2.100000000000000000e+01
4.270000000000000000e+02
4.300000000000000000e+01
7.730000000000000000e+02
7.700000000000000000e+01
8.850000000000000000e+02
8.900000000000000000e+01
9.870000000000000000e+02
9.900000000000000000e+01
1.370000000000000000e+02
1.400000000000000000e+01
2.830000000000000000e+02
2.800000000000000000e+01
3.260000000000000000e+02
3.300000000000000000e+01
6.420000000000000000e+02
6.400000000000000000e+01
9.370000000000000000e+02
9.400000000000000000e+01
1.260000000000000000e+02
1.300000000000000000e+01
4.400000000000000000e+02
4.400000000000000000e+01
7.280000000000000000e+02
7.300000000000000000e+01
8.500000000000000000e+02
8.500000000000000000e+01
9.330000000000000000e+02
9.300000000000000000e+01
1.240000000000000000e+02
1.200000000000000000e+01
2.310000000000000000e+02
2.300000000000000000e+01
3.880000000000000000e+02
3.900000000000000000e+01
7.140000000000000000e+02
7.100000000000000000e+01
9.770000000000000000e+02
9.800000000000000000e+01
1.240000000000000000e+02
1.200000000000000000e+01
2.270000000000000000e+02
2.300000000000000000e+01
5.030000000000000000e+02
5.000000000000000000e+01
5.500000000000000000e+02
5.500000000000000000e+01
9.590000000000000000e+02
9.600000000000000000e+01
1.170000000000000000e+02
1.200000000000000000e+01
3.570000000000000000e+02
3.600000000000000000e+01
5.960000000000000000e+02
6.000000000000000000e+01
7.360000000000000000e+02
7.400000000000000000e+01
7.780000000000000000e+02
7.800000000000000000e+01
2.460000000000000000e+02
2.500000000000000000e+01
3.710000000000000000e+02
3.700000000000000000e+01
4.480000000000000000e+02
4.500000000000000000e+01
5.920000000000000000e+02
5.900000000000000000e+01
9.430000000000000000e+02
9.400000000000000000e+01
1.220000000000000000e+02
1.200000000000000000e+01
4.940000000000000000e+02
4.900000000000000000e+01
5.720000000000000000e+02
5.700000000000000000e+01
7.760000000000000000e+02
7.800000000000000000e+01
9.450000000000000000e+02
9.400000000000000000e+01
1.060000000000000000e+02
1.100000000000000000e+01
3.050000000000000000e+02
3.100000000000000000e+01
3.320000000000000000e+02
3.300000000000000000e+01
6.820000000000000000e+02
6.800000000000000000e+01
8.800000000000000000e+02
8.800000000000000000e+01
2.080000000000000000e+02
2.100000000000000000e+01
3.430000000000000000e+02
3.400000000000000000e+01
6.560000000000000000e+02
6.600000000000000000e+01
7.960000000000000000e+02
8.000000000000000000e+01
9.730000000000000000e+02
9.700000000000000000e+01
2.000000000000000000e+02
2.000000000000000000e+01
4.070000000000000000e+02
4.100000000000000000e+01
6.450000000000000000e+02
6.400000000000000000e+01
7.440000000000000000e+02
7.400000000000000000e+01
9.860000000000000000e+02
9.900000000000000000e+01
1.410000000000000000e+02
1.400000000000000000e+01
2.840000000000000000e+02
2.800000000000000000e+01
4.300000000000000000e+02
4.300000000000000000e+01
7.690000000000000000e+02
7.700000000000000000e+01
8.590000000000000000e+02
8.600000000000000000e+01
1.640000000000000000e+02
1.600000000000000000e+01
4.890000000000000000e+02
4.900000000000000000e+01
6.850000000000000000e+02
6.900000000000000000e+01
8.690000000000000000e+02
8.700000000000000000e+01
9.150000000000000000e+02
9.200000000000000000e+01
1.490000000000000000e+02
1.500000000000000000e+01
4.660000000000000000e+02
4.700000000000000000e+01
6.970000000000000000e+02
7.000000000000000000e+01
8.170000000000000000e+02
8.200000000000000000e+01
8.940000000000000000e+02
8.900000000000000000e+01
1.190000000000000000e+02
1.200000000000000000e+01
2.210000000000000000e+02
2.200000000000000000e+01
4.930000000000000000e+02
4.900000000000000000e+01
6.540000000000000000e+02
6.500000000000000000e+01
9.690000000000000000e+02
9.700000000000000000e+01
1.050000000000000000e+02
1.100000000000000000e+01
4.260000000000000000e+02
4.300000000000000000e+01
4.760000000000000000e+02
4.800000000000000000e+01
6.070000000000000000e+02
6.100000000000000000e+01
8.220000000000000000e+02
8.200000000000000000e+01
1.250000000000000000e+02
1.200000000000000000e+01
3.230000000000000000e+02
3.200000000000000000e+01
3.830000000000000000e+02
3.800000000000000000e+01
5.760000000000000000e+02
5.800000000000000000e+01
8.340000000000000000e+02
8.300000000000000000e+01
2.980000000000000000e+02
3.000000000000000000e+01
4.640000000000000000e+02
4.600000000000000000e+01
6.000000000000000000e+02
6.000000000000000000e+01
8.380000000000000000e+02
8.400000000000000000e+01
8.880000000000000000e+02
8.900000000000000000e+01
1.200000000000000000e+02
1.200000000000000000e+01
2.540000000000000000e+02
2.500000000000000000e+01
4.130000000000000000e+02
4.100000000000000000e+01
6.530000000000000000e+02
6.500000000000000000e+01
7.820000000000000000e+02
7.800000000000000000e+01
1.920000000000000000e+02
1.900000000000000000e+01
3.060000000000000000e+02
3.100000000000000000e+01
5.040000000000000000e+02
5.000000000000000000e+01
6.190000000000000000e+02
6.200000000000000000e+01
8.730000000000000000e+02
8.700000000000000000e+01
1.420000000000000000e+02
1.400000000000000000e+01
3.680000000000000000e+02
3.700000000000000000e+01
6.370000000000000000e+02
6.400000000000000000e+01
7.600000000000000000e+02
7.600000000000000000e+01
9.870000000000000000e+02
9.900000000000000000e+01
2.110000000000000000e+02
2.100000000000000000e+01
2.810000000000000000e+02
2.800000000000000000e+01
5.290000000000000000e+02
5.300000000000000000e+01
6.140000000000000000e+02
6.100000000000000000e+01
8.720000000000000000e+02
8.700000000000000000e+01
2.120000000000000000e+02
2.100000000000000000e+01
3.030000000000000000e+02
3.000000000000000000e+01
5.320000000000000000e+02
5.300000000000000000e+01
6.550000000000000000e+02
6.600000000000000000e+01
8.830000000000000000e+02
8.800000000000000000e+01
1.070000000000000000e+02
1.100000000000000000e+01
2.510000000000000000e+02
2.500000000000000000e+01
3.390000000000000000e+02
3.400000000000000000e+01
6.800000000000000000e+02
6.800000000000000000e+01
8.110000000000000000e+02
8.100000000000000000e+01
2.300000000000000000e+02
2.300000000000000000e+01
3.990000000000000000e+02
4.000000000000000000e+01
7.220000000000000000e+02
7.200000000000000000e+01
7.790000000000000000e+02
7.800000000000000000e+01
8.880000000000000000e+02
8.900000000000000000e+01
